1.000000	-0.00
1.040000	-0.00
1.040000	-0.00
1.082564	7.52
1.082564	7.52
1.122564	7.52
1.122564	7.52
1.165128	5.11
1.165128	5.11
1.165128	5.11
1.205128	5.11
1.205128	5.11
1.205128	5.11
1.247768	5.11
1.287292	36.23
1.287292	36.23
1.327292	36.23
1.327292	36.23
1.329932	59.60
1.329932	59.60
1.369856	53.36
1.369856	53.36
1.369856	53.36
1.369932	53.36
1.369932	53.36
1.409856	53.36
1.409856	53.36
1.409856	53.36
1.412496	48.11
1.412496	48.11
1.412496	48.11
1.452496	48.11
1.452496	48.11
1.452496	48.11
1.492020	58.05
1.492020	58.05
1.495136	58.05
1.532020	58.05
1.532020	58.05
1.534660	69.87
1.534660	69.87
1.537776	69.87
1.574660	69.87
1.574660	69.87
1.577300	79.81
1.577300	79.81
1.580984	79.85
1.580984	79.85
1.580984	79.85
1.617300	79.85
1.617300	79.85
1.620984	79.85
1.620984	79.85
1.620984	79.85
1.623628	88.28
1.623628	88.28
1.626672	88.36
1.626672	88.36
1.626672	88.36
1.659864	84.15
1.659864	84.15
1.659864	84.15
1.663624	84.15
1.663628	84.15
1.663628	84.15
1.666672	84.15
1.666672	84.15
1.699864	84.15
1.699864	84.15
1.703148	91.20
1.703148	91.20
1.706912	91.20
1.743148	91.20
1.746436	97.39
1.746436	97.39
1.752760	97.39
1.786436	97.39
1.792284	102.51
1.792284	102.51
1.796048	102.51
1.832284	102.51
1.835572	107.39
1.835572	107.39
1.841896	107.39
1.875572	107.39
1.881420	111.43
1.881420	111.43
1.907020	111.43
1.910060	111.43
1.913100	111.43
1.916140	111.43
1.921420	111.43
1.921420	111.43
1.924708	115.38
1.924708	115.38
1.946544	112.96
1.946544	112.96
1.946544	112.96
1.949584	112.93
1.949584	112.93
1.949584	112.93
1.952624	112.91
1.952624	112.91
1.952624	112.91
1.955664	112.88
1.955664	112.88
1.955664	112.88
1.958704	112.85
1.958704	112.85
1.958704	112.85
1.963984	112.56
1.963984	112.56
1.963984	112.56
1.964708	112.56
1.964708	112.56
1.986544	112.56
1.986544	112.56
1.986544	112.56
1.989584	112.56
1.989584	112.56
1.992624	112.56
1.992624	112.56
1.995664	112.56
1.995664	112.56
1.998704	112.56
1.998704	112.56
2.003984	112.56
2.003984	112.56
2.007272	107.85
2.007272	107.85
2.007272	107.85
2.029184	107.85
2.047272	107.85
2.047272	107.85
2.068708	109.50
2.068708	109.50
2.071824	109.50
2.108708	109.50
2.108708	109.50
2.111348	112.90
2.111348	112.90
2.114464	112.90
2.151348	112.90
2.153988	116.05
2.153988	116.05
2.157752	116.05
2.193988	116.05
2.197276	118.90
2.197276	118.90
2.203600	118.90
2.210492	118.90
2.214180	118.90
2.237276	118.90
2.237276	118.90
2.243124	121.28
2.243124	121.28
2.250016	120.86
2.250016	120.86
2.250016	120.86
2.253704	120.75
2.253704	120.75
2.253704	120.75
2.259952	120.40
2.259952	120.40
2.259952	120.40
2.279840	118.72
2.279840	118.72
2.279840	118.72
2.283124	118.72
2.283124	118.72
2.290016	118.72
2.290016	118.72
2.290744	118.72
2.293704	118.72
2.293704	118.72
2.299952	118.72
2.299952	118.72
2.319840	118.72
2.319840	118.72
2.330268	120.53
2.330268	120.53
2.337160	120.14
2.337160	120.14
2.337160	120.14
2.342352	120.14
2.370268	120.14
2.370268	120.14
2.377160	120.14
2.377160	120.14
2.381876	122.34
2.381876	122.34
2.384992	122.34
2.421876	122.34
2.421876	122.34
2.424516	124.58
2.424516	124.58
2.433968	123.96
2.433968	123.96
2.433968	123.96
2.439160	123.96
2.464516	123.96
2.473968	123.96
2.473968	123.96
2.478684	125.89
2.478684	125.89
2.485648	125.89
2.489332	125.89
2.518684	125.89
2.518684	125.89
2.525172	127.55
2.525172	127.55
2.528856	127.45
2.528856	127.45
2.540864	126.65
2.540864	126.65
2.553744	126.65
2.565172	126.65
2.568856	126.65
2.580864	126.65
2.593268	127.73
2.593268	127.73
2.611120	127.73
2.623132	127.73
2.633268	127.73
2.633268	127.73
2.650644	128.35
2.650644	128.35
2.662656	127.59
2.662656	127.59
2.668904	127.30
2.668904	127.30
2.675832	126.96
2.675832	126.96
2.681776	126.96
2.690644	126.96
2.690644	126.96
2.702656	126.96
2.708904	126.96
2.715832	126.96
2.721300	128.47
2.721300	128.47
2.724416	128.47
2.761300	128.47
2.763940	130.12
2.763940	130.12
2.770904	130.12
2.803940	130.12
2.810428	131.40
2.810428	131.40
2.814192	131.40
2.850428	131.40
2.853716	132.85
2.853716	132.85
2.860040	132.85
2.893716	132.85
2.899564	134.05
2.899564	134.05
2.903328	134.05
2.939564	134.05
2.942852	135.38
2.942852	135.38
2.945968	135.38
2.982852	135.38
2.985492	136.69
2.985492	136.69
2.991816	136.69
3.025492	136.69
3.031340	137.72
3.031340	137.72
3.034456	137.72
3.071340	137.72
3.073980	138.92
3.073980	138.92
3.077744	138.92
3.113980	138.92
3.117268	140.03
3.117268	140.03
3.120384	140.03
3.157268	140.03
3.159908	141.14
3.159908	141.14
3.163024	141.14
3.199908	141.14
3.202548	142.20
3.202548	142.20
3.205664	142.20
3.242548	142.20
3.245188	143.23
3.245188	143.23
3.248304	143.23
3.285188	143.23
3.287828	144.21
3.287828	144.21
3.290944	144.21
3.295832	144.21
3.327828	144.21
3.330468	145.16
3.330468	145.16
3.333584	145.16
3.335832	145.16
3.370468	145.16
3.373108	146.07
3.373108	146.07
3.376224	146.07
3.413108	146.07
3.415748	146.95
3.415748	146.95
3.419512	146.95
3.455748	146.95
3.459036	147.76
3.459036	147.76
3.462800	147.76
3.499036	147.76
3.502324	148.54
3.502324	148.54
3.542324	148.54
3.544964	149.34
3.544964	149.34
3.584964	149.34
4.535832	149.34
4.575832	149.34
4.575832	149.34
4.657996	105.69
4.657996	105.69
4.659676	105.69
4.662716	105.69
4.665756	105.69
4.668796	105.69
4.671836	105.69
4.674876	105.69
4.677916	105.69
4.680956	105.69
4.683996	105.69
4.687036	105.69
4.690076	105.69
4.693116	105.69
4.696156	105.69
4.697996	105.69
4.699196	105.69
4.699200	104.59
4.699200	104.59
4.699200	104.59
4.702236	104.59
4.702240	104.59
4.702240	104.59
4.705276	104.59
4.705280	104.59
4.705280	104.59
4.708316	104.59
4.708320	104.59
4.708320	104.59
4.708320	104.59
4.711356	104.59
4.711360	104.59
4.711360	104.59
4.714396	104.59
4.714400	104.59
4.714400	104.59
4.717436	104.59
4.717440	104.59
4.717440	104.59
4.717440	104.59
4.720476	104.59
4.720480	104.60
4.720480	104.60
4.723520	104.60
4.723520	104.60
4.726560	104.60
4.726560	104.60
4.729600	104.60
4.729600	104.60
4.732640	104.60
4.732640	104.60
4.732640	104.60
4.735680	104.60
4.735680	104.60
4.738720	104.60
4.738720	104.60
4.739200	104.60
4.739200	104.60
4.739200	104.60
4.741760	104.60
4.741760	104.60
4.742240	104.60
4.744800	104.60
4.744800	104.60
4.745280	104.60
4.747840	104.60
4.747840	104.60
4.747840	104.60
4.748320	104.60
4.748320	104.60
4.750880	104.60
4.750880	104.60
4.751360	104.60
4.753920	104.60
4.753920	104.60
4.754400	104.60
4.756960	104.60
4.756960	104.60
4.757440	104.60
4.757440	104.60
4.760000	104.60
4.760000	104.60
4.760480	104.60
4.763040	104.60
4.763040	104.60
4.763520	104.60
4.766560	104.60
4.769600	104.60
4.772640	104.60
4.772640	104.60
4.775680	104.60
4.778720	104.60
4.781760	104.60
4.781840	104.60
4.784800	104.60
4.787840	104.60
4.787840	104.60
4.790880	104.60
4.793920	104.60
4.796960	104.60
4.800000	104.60
4.803040	104.60
4.821364	105.19
4.821364	105.19
4.824480	105.19
4.861364	105.19
4.861364	105.19
4.864004	106.19
4.864004	106.19
4.867120	106.19
4.904004	106.19
4.904004	106.19
4.906644	107.17
4.906644	107.17
4.910328	107.15
4.913448	107.15
4.946644	107.15
4.946644	107.15
4.952972	108.11
4.952972	108.11
4.959864	108.00
4.965056	108.00
4.992972	108.00
4.992972	108.00
5.004580	108.88
5.004580	108.88
5.008264	108.86
5.011384	108.86
5.044580	108.86
5.050908	109.78
5.050908	109.78
5.054672	109.78
5.090908	109.78
5.094196	110.66
5.094196	110.66
5.124848	110.66
5.134196	110.66
5.164372	110.80
5.164372	110.80
5.170696	110.80
5.204372	110.80
5.210220	111.57
5.210220	111.57
5.216544	111.57
5.250220	111.57
5.256068	112.33
5.256068	112.33
5.259184	112.33
5.296068	112.33
5.298708	113.16
5.298708	113.16
5.302472	113.16
5.338708	113.16
5.341996	113.96
5.341996	113.96
5.345112	113.96
5.381996	113.96
5.384636	114.75
5.384636	114.75
5.387752	114.75
5.424636	114.75
5.427276	115.53
5.427276	115.53
5.430392	115.53
5.467276	115.53
5.469916	116.30
5.469916	116.30
5.473032	116.30
